0.70711,0
0.707,0.012341
0.70668,0.024678
0.70614,0.037007
0.70538,0.049325
0.70442,0.061628
0.70323,0.073913
0.70184,0.086175
0.70023,0.09841
0.6984,0.11062
0.69636,0.12279
0.69412,0.13492
0.69165,0.14702
0.68898,0.15906
0.6861,0.17106
0.68301,0.18301
0.67971,0.19491
0.67621,0.20674
0.6725,0.21851
0.66858,0.23021
0.66446,0.24184
0.66014,0.2534
0.65562,0.26489
0.6509,0.27629
0.64597,0.28761
0.64086,0.29884
0.63554,0.30998
0.63004,0.32102
0.62434,0.33197
0.61845,0.34281
0.61237,0.35355
0.60611,0.36419
0.59966,0.37471
0.59303,0.38512
0.58622,0.39541
0.57923,0.40558
0.57206,0.41563
0.56472,0.42555
0.55721,0.43534
0.54953,0.445
0.54168,0.45452
0.53366,0.4639
0.52548,0.47315
0.51715,0.48225
0.50865,0.4912
0.5,0.5
0.48962,0.50702
0.47908,0.51375
0.46845,0.52026
0.45773,0.52656
0.44694,0.53264
0.43608,0.53851
0.42514,0.54415
0.41414,0.54958
0.40308,0.55479
0.39196,0.55977
0.38079,0.56454
0.36957,0.56908
0.3583,0.57341
0.347,0.57751
0.33567,0.58139
0.3243,0.58505
0.3129,0.58849
0.30149,0.5917
0.29006,0.5947
0.27861,0.59748
0.26715,0.60003
0.25569,0.60237
0.24462,0.60546
0.23402,0.60964
0.22334,0.61363
0.2126,0.61743
0.20179,0.62105
0.19092,0.62448
0.17999,0.62771
0.16901,0.63076
0.15798,0.63361
0.1469,0.63627
0.13577,0.63874
0.1246,0.64101
0.11339,0.64309
0.10215,0.64497
0.090882,0.64666
0.079582,0.64814
0.068258,0.64943
0.056914,0.65053
0.045552,0.65142
0.034176,0.65212
0.02279,0.65261
0.011397,0.65291
3.9985e-17,0.65301
-0.011418,0.65412
-0.022874,0.65503
-0.034366,0.65575
-0.04589,0.65626
-0.057442,0.65657
-0.069019,0.65667
-0.080616,0.65657
-0.092231,0.65626
-0.10386,0.65575
-0.1155,0.65503
-0.12714,0.6541
-0.13879,0.65296
-0.15044,0.65162
-0.16208,0.65007
-0.17371,0.6483
-0.18533,0.64633
-0.19694,0.64415
-0.20852,0.64176
-0.22008,0.63917
-0.23162,0.63636
-0.24312,0.63334
-0.25458,0.63012
-0.2667,0.62831
-0.27958,0.62794
-0.29252,0.62731
-0.30552,0.6264
-0.31857,0.62522
-0.33166,0.62376
-0.3448,0.62203
-0.35797,0.62002
-0.37117,0.61773
-0.38439,0.61515
-0.39763,0.6123
-0.41088,0.60915
-0.42413,0.60572
-0.43738,0.60201
-0.45063,0.598
-0.46385,0.59371
-0.47706,0.58912
-0.49024,0.58425
-0.50339,0.57909
-0.5165,0.57363
-0.52956,0.56789
-0.54257,0.56185
-0.55553,0.55553
-0.57174,0.55212
-0.5879,0.54823
-0.60407,0.54391
-0.62023,0.53916
-0.63636,0.53397
-0.65247,0.52836
-0.66852,0.52231
-0.68453,0.51583
-0.70046,0.50892
-0.71632,0.50158
-0.73209,0.4938
-0.74776,0.4856
-0.76332,0.47698
-0.77876,0.46793
-0.79407,0.45845
-0.80923,0.44856
-0.82423,0.43825
-0.83907,0.42753
-0.85374,0.4164
-0.86821,0.40486
-0.88249,0.39291
-0.89657,0.38057
-0.91383,0.36921
-0.93435,0.35866
-0.95456,0.34743
-0.97444,0.33553
-0.99397,0.32296
-1.0131,0.30974
-1.0319,0.29589
-1.0502,0.2814
-1.0681,0.26631
-1.0856,0.25062
-1.1025,0.23435
-1.1159,0.21692
-1.1196,0.19741
-1.1228,0.17784
-1.1258,0.15822
-1.1284,0.13854
-1.1306,0.11883
-1.1325,0.099081
-1.1341,0.079301
-1.1353,0.059497
-1.1361,0.039675
-1.1367,0.01984
-1.1368,1.3922e-16
-1.1367,-0.01984
-1.1361,-0.039675
-1.1353,-0.059497
-1.1341,-0.079301
-1.1325,-0.099081
-1.1306,-0.11883
-1.1284,-0.13854
-1.1258,-0.15822
-1.1228,-0.17784
-1.1196,-0.19741
-1.1159,-0.21692
-1.112,-0.23636
-1.1077,-0.25573
-1.1031,-0.27502
-1.0981,-0.29423
-1.0928,-0.31335
-1.0872,-0.33238
-1.0812,-0.3513
-1.0749,-0.37011
-1.0683,-0.38882
-1.0613,-0.4074
-1.054,-0.42586
-1.0465,-0.44419
-1.0385,-0.46239
-1.0303,-0.48044
-1.0218,-0.49835
-1.0129,-0.51611
-1.0038,-0.53371
-0.99429,-0.55114
-0.98452,-0.56841
-0.97038,-0.58307
-0.95598,-0.59736
-0.94135,-0.61132
-0.92649,-0.62493
-0.91142,-0.63818
-0.89614,-0.65108
-0.88065,-0.66362
-0.86498,-0.6758
-0.84912,-0.68761
-0.83309,-0.69905
-0.8169,-0.71012
-0.80055,-0.72081
-0.78404,-0.73113
-0.7674,-0.74107
-0.75063,-0.75063
-0.73374,-0.75981
-0.71673,-0.7686
-0.69961,-0.777
-0.68241,-0.78502
-0.66511,-0.79265
-0.64774,-0.79989
-0.63029,-0.80674
-0.61279,-0.8132
-0.59523,-0.81927
-0.57764,-0.82495
-0.56,-0.83024
-0.54034,-0.83206
-0.52012,-0.83237
-0.49999,-0.83213
-0.47998,-0.83136
-0.4601,-0.83005
-0.44037,-0.82821
-0.42079,-0.82585
-0.40139,-0.82297
-0.38218,-0.81958
-0.36316,-0.81568
-0.34436,-0.81127
-0.32725,-0.80998
-0.31167,-0.81194
-0.29612,-0.81359
-0.28061,-0.81494
-0.26513,-0.81599
-0.2497,-0.81673
-0.23432,-0.81718
-0.219,-0.81733
-0.20375,-0.81718
-0.18856,-0.81674
-0.17345,-0.81602
-0.15852,-0.81549
-0.14395,-0.81638
-0.1294,-0.81701
-0.11488,-0.81738
-0.10038,-0.81749
-0.085907,-0.81735
-0.071473,-0.81694
-0.05708,-0.81628
-0.042731,-0.81536
-0.028432,-0.81419
-0.014187,-0.81277
-1.49e-16,-0.8111
0.014124,-0.80918
0.028181,-0.80701
0.042167,-0.80459
0.056077,-0.80194
0.069906,-0.79903
0.083652,-0.79589
0.097309,-0.79252
0.11087,-0.7889
0.12434,-0.78506
0.13771,-0.78098
0.15097,-0.77667
0.16329,-0.76822
0.17503,-0.75813
0.18646,-0.74783
0.19757,-0.73734
0.20837,-0.72667
0.21885,-0.71582
0.229,-0.70479
0.23883,-0.69361
0.24833,-0.68227
0.25749,-0.67079
0.26632,-0.65917
0.27585,-0.64987
0.28618,-0.64278
0.29635,-0.63553
0.30635,-0.62812
0.31619,-0.62055
0.32585,-0.61283
0.33534,-0.60496
0.34465,-0.59694
0.35378,-0.58878
0.36273,-0.58049
0.3715,-0.57205
0.38008,-0.56349
0.38848,-0.5548
0.39668,-0.54599
0.4047,-0.53706
0.41253,-0.52801
0.42016,-0.51885
0.42759,-0.50959
0.43483,-0.50022
0.44188,-0.49075
0.44872,-0.48119
0.45536,-0.47154
0.4618,-0.4618
0.47058,-0.45444
0.47933,-0.44698
0.48796,-0.43936
0.49647,-0.43158
0.50486,-0.42363
0.51312,-0.41551
0.52125,-0.40724
0.52924,-0.39881
0.5371,-0.39023
0.54482,-0.38149
0.5524,-0.3726
0.55983,-0.36356
0.56712,-0.35437
0.57425,-0.34504
0.58123,-0.33557
0.58805,-0.32596
0.59472,-0.31622
0.60122,-0.30634
0.60756,-0.29633
0.61373,-0.28619
0.61973,-0.27592
0.62556,-0.26553
0.63173,-0.25524
0.63833,-0.24503
0.64476,-0.23467
0.65103,-0.22417
0.65712,-0.21351
0.66303,-0.20271
0.66876,-0.19176
0.67431,-0.18068
0.67968,-0.16946
0.68485,-0.15811
0.68983,-0.14663
0.69412,-0.13492
0.69636,-0.12279
0.6984,-0.11062
0.70023,-0.09841
0.70184,-0.086175
0.70323,-0.073913
0.70442,-0.061628
0.70538,-0.049325
0.70614,-0.037007
0.70668,-0.024678
0.707,-0.012341
0.70711,-1.7319e-16
